fahrenheit_temps <- c(45, 77, 20, 19, 101, 120, 212)
celsius_temps <- 5/9 * (fahrenheit_temps - 32)
celsius_temps
